intrinsic matrix is 
[472.4138429332889, 0, 987.4567536525741;
  0, 470.433176505434, 532.1269404039284;
  0, 0, 1]
distortion coeffients are 
[-0.156241, 0.396059, -0.664981, 0.401163]
The rotation matrix of image 0is: 
[0.7809644511779, 0.5554993782392471, 0.2855082604272778;
  0.5353445679364627, -0.8308200902529443, 0.1521320847586445;
  0.3217152771898195, 0.03403554624064754, -0.946224530444428]
The translation vector of image 0is: 
[-56.0769, -16.6774, 197.536]
The rotation matrix of image 1is: 
[0.7948608390799156, 0.6043604399677184, 0.05426513705132271;
  0.6055534017725052, -0.7957708273653923, -0.007339476544400002;
  0.03874692373492115, 0.03869430082356882, -0.9984995878741539]
The translation vector of image 1is: 
[-35.3304, -1.7787, 128.827]
The rotation matrix of image 2is: 
[0.782358050199726, 0.6171686324579677, 0.08377804245531417;
  0.6145972014045835, -0.7867987931929037, 0.05672688124552628;
  0.100926514421812, 0.007109018227029119, -0.9948684840452588]
The translation vector of image 2is: 
[-53.7557, -8.61587, 239.027]
The rotation matrix of image 3is: 
[-0.8206210292163407, 0.4603787467883431, 0.3385742694203272;
  0.5703435492059989, 0.6970127413017677, 0.4346049635497722;
  -0.03590769119586792, 0.5497496229817619, -0.8345573615662334]
The translation vector of image 3is: 
[-3.69761, -136.194, 116.702]
The rotation matrix of image 4is: 
[-0.9169408024817136, 0.3978207044597875, -0.0309556432223538;
  0.3971478560769978, 0.9023680653705916, -0.1673483044813445;
  -0.03864123649206182, -0.1657424559443205, -0.9854117378740268]
The translation vector of image 4is: 
[26.339, -87.0265, 187.979]
The rotation matrix of image 5is: 
[-0.8783091213897528, 0.4625252906855946, -0.1210100936276255;
  0.4761358668922465, 0.8233506833947473, -0.3088499448149079;
  -0.04321716721777728, -0.3288829695037568, -0.9433812955682669]
The translation vector of image 5is: 
[16.0375, -83.5798, 187.198]
The rotation matrix of image 6is: 
[0.5118515421273425, 0.7553565062268737, -0.4091998867577948;
  0.8478953393356465, -0.5207900890427748, 0.0992530940963921;
  -0.1381357750720274, -0.3977615261127572, -0.9070304713678039]
The translation vector of image 6is: 
[-47.5996, -24.6031, 174.206]
The rotation matrix of image 7is: 
[0.6142820692631704, 0.7855107348560676, -0.07503615666888244;
  0.7889779017716075, -0.6129919968173119, 0.04188892877594165;
  -0.01309236028483148, -0.08493348729332352, -0.9963006036525156]
The translation vector of image 7is: 
[-66.0404, -14.0059, 193.406]
The rotation matrix of image 8is: 
[0.627528424557026, 0.687583311640897, 0.3652906595109094;
  0.7751465593237618, -0.5076232869257364, -0.3761202070339294;
  -0.07318393226325101, 0.5191799188370529, -0.8515258797798451]
The translation vector of image 8is: 
[-77.4621, -0.668577, 129.632]
The rotation matrix of image 9is: 
[0.6218819674635789, 0.7736274805369541, 0.1215044851092898;
  0.7829214208115258, -0.6107885234783044, -0.1182007970432283;
  -0.01722983975811777, 0.168635408337744, -0.985527894925695]
The translation vector of image 9is: 
[-86.4737, -2.38928, 205.827]
The rotation matrix of image 10is: 
[0.5369871157475288, 0.7748653497583249, 0.3335094110592052;
  0.7365006989210543, -0.623404756082424, 0.2625513865562543;
  0.4113533250260019, 0.1046432025394963, -0.9054491935787067]
The translation vector of image 10is: 
[-92.4443, -8.48592, 198.455]
The rotation matrix of image 11is: 
[0.6630650350568895, 0.7479393664330931, -0.0305198857250334;
  0.7425054064503567, -0.6623293656499318, -0.1000276601233362;
  -0.09502884129040264, 0.04366366381125418, -0.9945164673275055]
The translation vector of image 11is: 
[-82.9189, 21.7938, 212.275]
The rotation matrix of image 12is: 
[0.7106858989155215, 0.6942799100658889, -0.1135823910715835;
  0.6952933447999371, -0.71777385608251, -0.0369845400317461;
  -0.1072040939495911, -0.05268868952009721, -0.9928399590251704]
The translation vector of image 12is: 
[-54.0326, -2.69084, 171.934]
The rotation matrix of image 13is: 
[0.7159885483512379, 0.6849352338881087, 0.1349967555481549;
  0.6961989152209458, -0.6862431260893983, -0.2106595412988182;
  -0.05164754665097565, 0.2448144139418512, -0.9681933864942702]
The translation vector of image 13is: 
[-62.9673, -2.75142, 149.221]
